724918077
150659893
117176011
594581430
250885962
1815109609
1938413302
696011023
2096818159
2054051193
1087947844
2002323433
1038444951
2024023609
659819118
1939709351
2002600603
384423852
1206858779
805182434
274245558
563527185
1963864776
632535948
1996763833
949336642
463018335
1657794720
81871309
1296547294
312255344
635917444
2004319286
988796101
1737825853
954758674
1825723380
22608038
554783703
1860977746
1943654034
2054874960
2019424495
1021129113
1964934443
558883169
1201541215
1021129113
1023573015
1093901999
1946461137
